8
0
0 347 233 117 402 167 183 328 
347 0 191 247 110 269 164 105 
233 191 0 117 191 90 114 115 
117 247 117 0 288 74 89 213 
402 110 191 288 0 281 227 77 
167 269 90 74 281 0 139 204 
183 164 114 89 227 139 0 159 
328 105 115 213 77 204 159 0 
